1515939083    0    -5.83376767732204    0    0    0    1
1515939083    0    -5.83376767732204    0    0    0    1
1515939083    0    -5.83376767732204    0    0    0    1
1515939083    0    -5.83376767732204    0    0    0    1
1515939084    0    8.8010691774015    0    0    1    0
1515939085    0    -6.77615957446577    0    1    0    1
1515939086    0    9.19429187187706    1    0    1    0
1515939088    0    -7.72251844282686    0    1    0    1
1515939088    0    15.1675733397361    1    0    1    0
1515939089    0    -8.69981082512007    0    1    0    1
1515939091    0    14.3217733310657    1    0    1    0
1515939091    0    -1.22621196709338    0    0    0    0
1515939091    0    -1.22621196709338    0    0    0    0
1515939091    0    -1.22621196709338    0    0    0    0
1515939091    0    -1.22621196709338    0    0    0    0
1515939091    0    -1.22621196709338    0    0    0    0
1515939083    0    -5.83376767732204    0    0    0    1
1515939083    0    -5.83376767732204    0    0    0    1
1515939083    0    -5.83376767732204    0    0    0    1
1515939083    0    -5.83376767732204    0    0    0    1
1515939084    0    8.8010691774015    0    0    1    0
1515939085    0    -6.77615957446577    0    1    0    1
1515939086    0    9.19429187187706    1    0    1    0
1515939088    0    -7.72251844282686    0    1    0    1
1515939088    0    15.1675733397361    1    0    1    0
1515939089    0    -8.69981082512007    0    1    0    1
1515939091    0    14.3217733310657    1    0    1    0
1515939091    0    -1.22621196709338    0    0    0    0
1515939091    0    -1.22621196709338    0    0    0    0
1515939091    0    -1.22621196709338    0    0    0    0
1515939091    0    -1.22621196709338    0    0    0    0
1515939091    0    -1.22621196709338    0    0    0    0
1515939083    0    -5.83376767732204    0    0    0    1
1515939083    0    -5.83376767732204    0    0    0    1
1515939083    0    -5.83376767732204    0    0    0    1
1515939083    0    -5.83376767732204    0    0    0    1
1515939084    0    8.8010691774015    0    0    1    0
1515939085    0    -6.77615957446577    0    1    0    1
1515939086    0    9.19429187187706    1    0    1    0
1515939088    0    -7.72251844282686    0    1    0    1
1515939088    0    15.1675733397361    1    0    1    0
1515939089    0    -8.69981082512007    0    1    0    1
1515939091    0    14.3217733310657    1    0    1    0
1515939091    0    -1.22621196709338    0    0    0    0
1515939091    0    -1.22621196709338    0    0    0    0
1515939091    0    -1.22621196709338    0    0    0    0
1515939091    0    -1.22621196709338    0    0    0    0
1515939091    0    -1.22621196709338    0    0    0    0
1515939083    0    -5.83376767732204    0    0    0    1
1515939083    0    -5.83376767732204    0    0    0    1
1515939083    0    -5.83376767732204    0    0    0    1
1515939083    0    -5.83376767732204    0    0    0    1
1515939084    0    8.8010691774015    0    0    1    0
1515939085    0    -6.77615957446577    0    1    0    1
1515939086    0    9.19429187187706    1    0    1    0
1515939088    0    -7.72251844282686    0    1    0    1
1515939088    0    15.1675733397361    1    0    1    0
1515939089    0    -8.69981082512007    0    1    0    1
1515939091    0    14.3217733310657    1    0    1    0
1515939091    0    -1.22621196709338    0    0    0    0
1515939091    0    -1.22621196709338    0    0    0    0
1515939091    0    -1.22621196709338    0    0    0    0
1515939091    0    -1.22621196709338    0    0    0    0
1515939091    0    -1.22621196709338    0    0    0    0
1515939083    0    -5.83376767732204    0    0    0    1
1515939083    0    -5.83376767732204    0    0    0    1
1515939083    0    -5.83376767732204    0    0    0    1
1515939083    0    -5.83376767732204    0    0    0    1
1515939084    0    8.8010691774015    0    0    1    0
1515939085    0    -6.77615957446577    0    1    0    1
1515939086    0    9.19429187187706    1    0    1    0
1515939088    0    -7.72251844282686    0    1    0    1
1515939088    0    15.1675733397361    1    0    1    0
1515939089    0    -8.69981082512007    0    1    0    1
1515939091    0    14.3217733310657    1    0    1    0
1515939091    0    -1.22621196709338    0    0    0    0
1515939091    0    -1.22621196709338    0    0    0    0
1515939091    0    -1.22621196709338    0    0    0    0
1515939091    0    -1.22621196709338    0    0    0    0
1515939091    0    -1.22621196709338    0    0    0    0
1515939083    0    -5.83376767732204    0    0    0    1
1515939083    0    -5.83376767732204    0    0    0    1
1515939083    0    -5.83376767732204    0    0    0    1
1515939083    0    -5.83376767732204    0    0    0    1
1515939084    0    8.8010691774015    0    0    1    0
1515939085    0    -6.77615957446577    0    1    0    1
1515939086    0    9.19429187187706    1    0    1    0
1515939088    0    -7.72251844282686    0    1    0    1
1515939088    0    15.1675733397361    1    0    1    0
1515939089    0    -8.69981082512007    0    1    0    1
1515939091    0    14.3217733310657    1    0    1    0
1515939091    0    -1.22621196709338    0    0    0    0
1515939091    0    -1.22621196709338    0    0    0    0
1515939091    0    -1.22621196709338    0    0    0    0
1515939091    0    -1.22621196709338    0    0    0    0
1515939091    0    -1.22621196709338    0    0    0    0
1515939083    0    -5.83376767732204    0    0    0    1
1515939083    0    -5.83376767732204    0    0    0    1
1515939083    0    -5.83376767732204    0    0    0    1
1515939083    0    -5.83376767732204    0    0    0    1
1515939084    0    8.8010691774015    0    0    1    0
1515939085    0    -6.77615957446577    0    1    0    1
1515939086    0    9.19429187187706    1    0    1    0
1515939088    0    -7.72251844282686    0    1    0    1
1515939088    0    15.1675733397361    1    0    1    0
1515939089    0    -8.69981082512007    0    1    0    1
1515939091    0    14.3217733310657    1    0    1    0
1515939091    0    -1.22621196709338    0    0    0    0
1515939091    0    -1.22621196709338    0    0    0    0
1515939091    0    -1.22621196709338    0    0    0    0
1515939091    0    -1.22621196709338    0    0    0    0
1515939091    0    -1.22621196709338    0    0    0    0
1515939083    0    -5.83376767732204    0    0    0    1
1515939083    0    -5.83376767732204    0    0    0    1
1515939083    0    -5.83376767732204    0    0    0    1
1515939083    0    -5.83376767732204    0    0    0    1
1515939084    0    8.8010691774015    0    0    1    0
1515939085    0    -6.77615957446577    0    1    0    1
1515939086    0    9.19429187187706    1    0    1    0
1515939088    0    -7.72251844282686    0    1    0    1
1515939088    0    15.1675733397361    1    0    1    0
1515939089    0    -8.69981082512007    0    1    0    1
1515939091    0    14.3217733310657    1    0    1    0
1515939091    0    -1.22621196709338    0    0    0    0
1515939091    0    -1.22621196709338    0    0    0    0
1515939091    0    -1.22621196709338    0    0    0    0
1515939091    0    -1.22621196709338    0    0    0    0
1515939091    0    -1.22621196709338    0    0    0    0
1515939083    0    -5.83376767732204    0    0    0    1
1515939083    0    -5.83376767732204    0    0    0    1
1515939083    0    -5.83376767732204    0    0    0    1
1515939083    0    -5.83376767732204    0    0    0    1
1515939084    0    8.8010691774015    0    0    1    0
1515939085    0    -6.77615957446577    0    1    0    1
1515939086    0    9.19429187187706    1    0    1    0
1515939088    0    -7.72251844282686    0    1    0    1
1515939088    0    15.1675733397361    1    0    1    0
1515939089    0    -8.69981082512007    0    1    0    1
1515939091    0    14.3217733310657    1    0    1    0
1515939091    0    -1.22621196709338    0    0    0    0
1515939091    0    -1.22621196709338    0    0    0    0
1515939091    0    -1.22621196709338    0    0    0    0
1515939091    0    -1.22621196709338    0    0    0    0
1515939091    0    -1.22621196709338    0    0    0    0
1515939083    0    -5.83376767732204    0    0    0    1
1515939083    0    -5.83376767732204    0    0    0    1
1515939083    0    -5.83376767732204    0    0    0    1
1515939083    0    -5.83376767732204    0    0    0    1
1515939084    0    8.8010691774015    0    0    1    0
1515939085    0    -6.77615957446577    0    1    0    1
1515939086    0    9.19429187187706    1    0    1    0
1515939088    0    -7.72251844282686    0    1    0    1
1515939088    0    15.1675733397361    1    0    1    0
1515939089    0    -8.69981082512007    0    1    0    1
1515939091    0    14.3217733310657    1    0    1    0
1515939091    0    -1.22621196709338    0    0    0    0
1515939091    0    -1.22621196709338    0    0    0    0
1515939091    0    -1.22621196709338    0    0    0    0
1515939091    0    -1.22621196709338    0    0    0    0
1515939091    0    -1.22621196709338    0    0    0    0
1515939083    0    -5.83376767732204    0    0    0    1
1515939083    0    -5.83376767732204    0    0    0    1
1515939083    0    -5.83376767732204    0    0    0    1
1515939083    0    -5.83376767732204    0    0    0    1
1515939084    0    8.8010691774015    0    0    1    0
1515939085    0    -6.77615957446577    0    1    0    1
1515939086    0    9.19429187187706    1    0    1    0
1515939088    0    -7.72251844282686    0    1    0    1
1515939088    0    15.1675733397361    1    0    1    0
1515939089    0    -8.69981082512007    0    1    0    1
1515939091    0    14.3217733310657    1    0    1    0
1515939091    0    -1.22621196709338    0    0    0    0
1515939091    0    -1.22621196709338    0    0    0    0
1515939091    0    -1.22621196709338    0    0    0    0
1515939091    0    -1.22621196709338    0    0    0    0
1515939091    0    -1.22621196709338    0    0    0    0
1515939083    0    -5.83376767732204    0    0    0    1
1515939083    0    -5.83376767732204    0    0    0    1
1515939083    0    -5.83376767732204    0    0    0    1
1515939083    0    -5.83376767732204    0    0    0    1
1515939084    0    8.8010691774015    0    0    1    0
1515939085    0    -6.77615957446577    0    1    0    1
1515939086    0    9.19429187187706    1    0    1    0
1515939088    0    -7.72251844282686    0    1    0    1
1515939088    0    15.1675733397361    1    0    1    0
1515939089    0    -8.69981082512007    0    1    0    1
1515939091    0    14.3217733310657    1    0    1    0
1515939091    0    -1.22621196709338    0    0    0    0
1515939091    0    -1.22621196709338    0    0    0    0
1515939091    0    -1.22621196709338    0    0    0    0
1515939091    0    -1.22621196709338    0    0    0    0
1515939091    0    -1.22621196709338    0    0    0    0